   -2.940000     6.000000     2.449490     6.457850    45.190313 47   -0.018368     0.007134     0.994955     0.005337 10004.583663    70.830729 
   -2.820000    11.000000     3.316625     9.135643    45.190313 47   -0.018368     0.007134     0.994955     0.005337 10004.583663    70.830729 
   -2.700000    14.000000     3.741657    12.737167    45.190313 47   -0.018368     0.007134     0.994955     0.005337 10004.583663    70.830729 
   -2.580000    12.000000     3.464102    17.502058    45.190313 47   -0.018368     0.007134     0.994955     0.005337 10004.583663    70.830729 
   -2.460000    24.000000     4.898979    23.702163    45.190313 47   -0.018368     0.007134     0.994955     0.005337 10004.583663    70.830729 
   -2.340000    33.000000     5.744563    31.635116    45.190313 47   -0.018368     0.007134     0.994955     0.005337 10004.583663    70.830729 
   -2.220000    44.000000     6.633250    41.613424    45.190313 47   -0.018368     0.007134     0.994955     0.005337 10004.583663    70.830729 
   -2.100000    53.000000     7.280110    53.948584    45.190313 47   -0.018368     0.007134     0.994955     0.005337 10004.583663    70.830729 
   -1.980000    63.000000     7.937254    68.930151    45.190313 47   -0.018368     0.007134     0.994955     0.005337 10004.583663    70.830729 
   -1.860000    78.000000     8.831761    86.800252    45.190313 47   -0.018368     0.007134     0.994955     0.005337 10004.583663    70.830729 
   -1.740000   111.000000    10.535654   107.724706    45.190313 47   -0.018368     0.007134     0.994955     0.005337 10004.583663    70.830729 
   -1.620000   122.000000    11.045361   131.762622    45.190313 47   -0.018368     0.007134     0.994955     0.005337 10004.583663    70.830729 
   -1.500000   174.000000    13.190906   158.837016    45.190313 47   -0.018368     0.007134     0.994955     0.005337 10004.583663    70.830729 
   -1.380000   170.000000    13.038405   188.709511    45.190313 47   -0.018368     0.007134     0.994955     0.005337 10004.583663    70.830729 
   -1.260000   234.000000    15.297059   220.962429    45.190313 47   -0.018368     0.007134     0.994955     0.005337 10004.583663    70.830729 
   -1.140000   248.000000    15.748016   254.991474    45.190313 47   -0.018368     0.007134     0.994955     0.005337 10004.583663    70.830729 
   -1.020000   305.000000    17.464249   290.011661    45.190313 47   -0.018368     0.007134     0.994955     0.005337 10004.583663    70.830729 
   -0.900000   323.000000    17.972201   325.078196    45.190313 47   -0.018368     0.007134     0.994955     0.005337 10004.583663    70.830729 
   -0.780000   378.000000    19.442222   359.122652    45.190313 47   -0.018368     0.007134     0.994955     0.005337 10004.583663    70.830729 
   -0.660000   401.000000    20.024984   391.003222    45.190313 47   -0.018368     0.007134     0.994955     0.005337 10004.583663    70.830729 
   -0.540000   405.000000    20.124612   419.566157    45.190313 47   -0.018368     0.007134     0.994955     0.005337 10004.583663    70.830729 
   -0.420000   436.000000    20.880613   443.714011    45.190313 47   -0.018368     0.007134     0.994955     0.005337 10004.583663    70.830729 
   -0.300000   513.000000    22.649503   462.475161    45.190313 47   -0.018368     0.007134     0.994955     0.005337 10004.583663    70.830729 
   -0.180000   442.000000    21.023796   475.068528    45.190313 47   -0.018368     0.007134     0.994955     0.005337 10004.583663    70.830729 
   -0.060000   455.000000    21.330729   480.957484    45.190313 47   -0.018368     0.007134     0.994955     0.005337 10004.583663    70.830729 
    0.060000   489.000000    22.113344   479.887780    45.190313 47   -0.018368     0.007134     0.994955     0.005337 10004.583663    70.830729 
    0.180000   503.000000    22.427661   471.905754    45.190313 47   -0.018368     0.007134     0.994955     0.005337 10004.583663    70.830729 
    0.300000   475.000000    21.794495   457.355002    45.190313 47   -0.018368     0.007134     0.994955     0.005337 10004.583663    70.830729 
    0.420000   421.000000    20.518285   436.851842    45.190313 47   -0.018368     0.007134     0.994955     0.005337 10004.583663    70.830729 
    0.540000   398.000000    19.949937   411.242024    45.190313 47   -0.018368     0.007134     0.994955     0.005337 10004.583663    70.830729 
    0.660000   350.000000    18.708287   381.542905    45.190313 47   -0.018368     0.007134     0.994955     0.005337 10004.583663    70.830729 
    0.780000   371.000000    19.261360   348.876610    45.190313 47   -0.018368     0.007134     0.994955     0.005337 10004.583663    70.830729 
    0.900000   300.000000    17.320508   314.400266    45.190313 47   -0.018368     0.007134     0.994955     0.005337 10004.583663    70.830729 
    1.020000   285.000000    16.881943   279.239295    45.190313 47   -0.018368     0.007134     0.994955     0.005337 10004.583663    70.830729 
    1.140000   212.000000    14.560220   244.429004    45.190313 47   -0.018368     0.007134     0.994955     0.005337 10004.583663    70.830729 
    1.260000   212.000000    14.560220   210.868410    45.190313 47   -0.018368     0.007134     0.994955     0.005337 10004.583663    70.830729 
    1.380000   188.000000    13.711309   179.288686    45.190313 47   -0.018368     0.007134     0.994955     0.005337 10004.583663    70.830729 
    1.500000   152.000000    12.328828   150.236973    45.190313 47   -0.018368     0.007134     0.994955     0.005337 10004.583663    70.830729 
    1.620000   133.000000    11.532563   124.074731    45.190313 47   -0.018368     0.007134     0.994955     0.005337 10004.583663    70.830729 
    1.740000    97.000000     9.848858   100.988621    45.190313 47   -0.018368     0.007134     0.994955     0.005337 10004.583663    70.830729 
    1.860000    83.000000     9.110434    81.011023    45.190313 47   -0.018368     0.007134     0.994955     0.005337 10004.583663    70.830729 
    1.980000    76.000000     8.717798    64.046937    45.190313 47   -0.018368     0.007134     0.994955     0.005337 10004.583663    70.830729 
    2.100000    47.000000     6.855655    49.903982    45.190313 47   -0.018368     0.007134     0.994955     0.005337 10004.583663    70.830729 
    2.220000    37.000000     6.082763    38.322568    45.190313 47   -0.018368     0.007134     0.994955     0.005337 10004.583663    70.830729 
    2.340000    24.000000     4.898979    29.003913    45.190313 47   -0.018368     0.007134     0.994955     0.005337 10004.583663    70.830729 
    2.460000    29.000000     5.385165    21.634216    45.190313 47   -0.018368     0.007134     0.994955     0.005337 10004.583663    70.830729 
    2.580000    21.000000     4.582576    15.904071    45.190313 47   -0.018368     0.007134     0.994955     0.005337 10004.583663    70.830729 
    2.700000    11.000000     3.316625    11.522800    45.190313 47   -0.018368     0.007134     0.994955     0.005337 10004.583663    70.830729 
    2.820000     4.000000     2.000000     8.227925    45.190313 47   -0.018368     0.007134     0.994955     0.005337 10004.583663    70.830729 
    2.940000     6.000000     2.449490     5.790355    45.190313 47   -0.018368     0.007134     0.994955     0.005337 10004.583663    70.830729 
